Default Signal:
N: 501
fs: 100
t0: -5
Signal label: g
Matehmatical Expression: 
x(t): (1.00 exp( -(t + 5.00) ))(100 cos( 10.0 (t + 5.00)  ) + 20.0 cos( 10.0 (t + 5.00) - 1.57 ))
Time and signal samples in .csv format
t, x(t)
-------
-5, 100
-4.99, 68
-4.98, 12
-4.97, -48
-4.96, -89
-4.95, -95
-4.94, -65
-4.93, -11
-4.92, 46
-4.91, 85
-4.9, 90
-4.89, 62
-4.88, 11
-4.87, -44
-4.86, -81
-4.85, -86
-4.84, -59
-4.83, -10
-4.82, 42
-4.81, 77
-4.8, 82
-4.79, 56
-4.78, 10
-4.77, -40
-4.76, -73
-4.75, -78
-4.74, -53
-4.73, -9
-4.72, 38
-4.71, 69
-4.7, 74
-4.69, 51
-4.68, 9
-4.67, -36
-4.66, -66
-4.65, -70
-4.64, -48
-4.63, -8
-4.62, 34
-4.61, 63
-4.6, 67
-4.59, 46
-4.58, 8
-4.57, -32
-4.56, -60
-4.55, -64
-4.54, -44
-4.53, -7
-4.52, 31
-4.51, 57
-4.5, 61
-4.49, 42
-4.48, 7
-4.47, -29
-4.46, -54
-4.45, -58
-4.44, -39
-4.43, -7
-4.42, 28
-4.41, 51
-4.4, 55
-4.39, 38
-4.38, 6
-4.37, -27
-4.36, -49
-4.35, -52
-4.34, -36
-4.33, -6
-4.32, 25
-4.31, 46
-4.3, 50
-4.29, 34
-4.28, 6
-4.27, -24
-4.26, -44
-4.25, -47
-4.24, -32
-4.23, -6
-4.22, 23
-4.21, 42
-4.2, 45
-4.19, 31
-4.18, 5
-4.17, -22
-4.16, -40
-4.15, -43
-4.14, -29
-4.13, -5
-4.12, 21
-4.11, 38
-4.1, 41
-4.09, 28
-4.08, 5
-4.07, -20
-4.06, -36
-4.05, -39
-4.04, -26
-4.03, -5
-4.02, 19
-4.01, 34
-4, 37
-3.99, 25
-3.98, 4
-3.97, -18
-3.96, -33
-3.95, -35
-3.94, -24
-3.93, -4
-3.92, 17
-3.91, 31
-3.9, 33
-3.89, 23
-3.88, 4
-3.87, -16
-3.86, -30
-3.85, -32
-3.84, -22
-3.83, -4
-3.82, 15
-3.81, 28
-3.8, 30
-3.79, 21
-3.78, 4
-3.77, -15
-3.76, -27
-3.75, -29
-3.74, -20
-3.73, -3
-3.72, 14
-3.71, 26
-3.7, 27
-3.69, 19
-3.68, 3
-3.67, -13
-3.66, -24
-3.65, -26
-3.64, -18
-3.63, -3
-3.62, 13
-3.61, 23
-3.6, 25
-3.59, 17
-3.58, 3
-3.57, -12
-3.56, -22
-3.55, -23
-3.54, -16
-3.53, -3
-3.52, 11
-3.51, 21
-3.5, 22
-3.49, 15
-3.48, 3
-3.47, -11
-3.46, -20
-3.45, -21
-3.44, -15
-3.43, -2
-3.42, 10
-3.41, 19
-3.4, 20
-3.39, 14
-3.38, 2
-3.37, -10
-3.36, -18
-3.35, -19
-3.34, -13
-3.33, -2
-3.32, 9
-3.31, 17
-3.3, 18
-3.29, 13
-3.28, 2
-3.27, -9
-3.26, -16
-3.25, -17
-3.24, -12
-3.23, -2
-3.22, 8
-3.21, 15
-3.2, 17
-3.19, 11
-3.18, 2
-3.17, -8
-3.16, -15
-3.15, -16
-3.14, -11
-3.13, -2
-3.12, 8
-3.11, 14
-3.1, 15
-3.09, 10
-3.08, 2
-3.07, -7
-3.06, -13
-3.05, -14
-3.04, -10
-3.03, -2
-3.02, 7
-3.01, 13
-3, 14
-2.99, 9
-2.98, 2
-2.97, -7
-2.96, -12
-2.95, -13
-2.94, -9
-2.93, -1
-2.92, 6
-2.91, 11
-2.9, 12
-2.89, 8
-2.88, 1
-2.87, -6
-2.86, -11
-2.85, -12
-2.84, -8
-2.83, -1
-2.82, 6
-2.81, 10
-2.8, 11
-2.79, 8
-2.78, 1
-2.77, -5
-2.76, -10
-2.75, -11
-2.74, -7
-2.73, -1
-2.72, 5
-2.71, 9
-2.7, 10
-2.69, 7
-2.68, 1
-2.67, -5
-2.66, -9
-2.65, -10
-2.64, -7
-2.63, -1
-2.62, 5
-2.61, 8
-2.6, 9
-2.59, 6
-2.58, 1
-2.57, -4
-2.56, -8
-2.55, -9
-2.54, -6
-2.53, -1
-2.52, 4
-2.51, 8
-2.5, 8
-2.49, 6
-2.48, 1
-2.47, -4
-2.46, -7
-2.45, -8
-2.44, -5
-2.43, -1
-2.42, 4
-2.41, 7
-2.4, 7
-2.39, 5
-2.38, 1
-2.37, -4
-2.36, -7
-2.35, -7
-2.34, -5
-2.33, -1
-2.32, 3
-2.31, 6
-2.3, 7
-2.29, 5
-2.28, 1
-2.27, -3
-2.26, -6
-2.25, -6
-2.24, -4
-2.23, -1
-2.22, 3
-2.21, 6
-2.2, 6
-2.19, 4
-2.18, 1
-2.17, -3
-2.16, -5
-2.15, -6
-2.14, -4
-2.13, -1
-2.12, 3
-2.11, 5
-2.1, 6
-2.09, 4
-2.08, 1
-2.07, -3
-2.06, -5
-2.05, -5
-2.04, -4
-2.03, -1
-2.02, 3
-2.01, 5
-2, 5
-1.99, 3
-1.98, 1
-1.97, -2
-1.96, -4
-1.95, -5
-1.94, -3
-1.93, -1
-1.92, 2
-1.91, 4
-1.9, 5
-1.89, 3
-1.88, 1
-1.87, -2
-1.86, -4
-1.85, -4
-1.84, -3
-1.83, -0
-1.82, 2
-1.81, 4
-1.8, 4
-1.79, 3
-1.78, 0
-1.77, -2
-1.76, -4
-1.75, -4
-1.74, -3
-1.73, -0
-1.72, 2
-1.71, 3
-1.7, 4
-1.69, 3
-1.68, 0
-1.67, -2
-1.66, -3
-1.65, -4
-1.64, -2
-1.63, -0
-1.62, 2
-1.61, 3
-1.6, 3
-1.59, 2
-1.58, 0
-1.57, -2
-1.56, -3
-1.55, -3
-1.54, -2
-1.53, -0
-1.52, 2
-1.51, 3
-1.5, 3
-1.49, 2
-1.48, 0
-1.47, -1
-1.46, -3
-1.45, -3
-1.44, -2
-1.43, -0
-1.42, 1
-1.41, 3
-1.4, 3
-1.39, 2
-1.38, 0
-1.37, -1
-1.36, -2
-1.35, -3
-1.34, -2
-1.33, -0
-1.32, 1
-1.31, 2
-1.3, 2
-1.29, 2
-1.28, 0
-1.27, -1
-1.26, -2
-1.25, -2
-1.24, -2
-1.23, -0
-1.22, 1
-1.21, 2
-1.2, 2
-1.19, 2
-1.18, 0
-1.17, -1
-1.16, -2
-1.15, -2
-1.14, -1
-1.13, -0
-1.12, 1
-1.11, 2
-1.1, 2
-1.09, 1
-1.08, 0
-1.07, -1
-1.06, -2
-1.05, -2
-1.04, -1
-1.03, -0
-1.02, 1
-1.01, 2
-1, 2
-0.99, 1
-0.98, 0
-0.97, -1
-0.96, -2
-0.95, -2
-0.94, -1
-0.93, -0
-0.92, 1
-0.91, 2
-0.9, 2
-0.89, 1
-0.88, 0
-0.87, -1
-0.86, -1
-0.85, -2
-0.84, -1
-0.83, -0
-0.82, 1
-0.81, 1
-0.8, 1
-0.79, 1
-0.78, 0
-0.77, -1
-0.76, -1
-0.75, -1
-0.74, -1
-0.73, -0
-0.72, 1
-0.71, 1
-0.7, 1
-0.69, 1
-0.68, 0
-0.67, -1
-0.66, -1
-0.65, -1
-0.64, -1
-0.63, -0
-0.62, 1
-0.61, 1
-0.6, 1
-0.59, 1
-0.58, 0
-0.57, -1
-0.56, -1
-0.55, -1
-0.54, -1
-0.53, -0
-0.52, 1
-0.51, 1
-0.5, 1
-0.49, 1
-0.48, 0
-0.47, -1
-0.46, -1
-0.45, -1
-0.44, -1
-0.43, -0
-0.42, 1
-0.41, 1
-0.4, 1
-0.39, 1
-0.38, 0
-0.37, -0
-0.36, -1
-0.35, -1
-0.34, -1
-0.33, -0
-0.32, 0
-0.31, 1
-0.3, 1
-0.29, 1
-0.28, 0
-0.27, -0
-0.26, -1
-0.25, -1
-0.24, -1
-0.23, -0
-0.22, 0
-0.21, 1
-0.2, 1
-0.19, 1
-0.18, 0
-0.17, -0
-0.16, -1
-0.15, -1
-0.14, -1
-0.13, -0
-0.12, 0
-0.11, 1
-0.1, 1
-0.09, 1
-0.08, 0
-0.07, -0
-0.06, -1
-0.05, -1
-0.04, -0
-0.03, -0
-0.02, 0
-0.01, 1
0, 1
