Default Signal:
N: 501
fs: 100
t0: -2.5
Signal label: 
Matehmatical Expression: 
x(t): (t) = 750 (t + )2.50) 150
Time and signal samples in .csv format
t, x(t)
-------
-2.5, -150
-2.49, -142.5
-2.48, -135
-2.47, -127.5
-2.46, -120
-2.45, -112.5
-2.44, -105
-2.43, -97.5
-2.42, -90
-2.41, -82.5
-2.4, -75
-2.39, -67.5
-2.38, -60
-2.37, -52.5
-2.36, -45
-2.35, -37.5
-2.34, -30
-2.33, -22.5
-2.32, -15
-2.31, -7.5
-2.3, 1.33227e-13
-2.29, 7.5
-2.28, 15
-2.27, 22.5
-2.26, 30
-2.25, 37.5
-2.24, 45
-2.23, 52.5
-2.22, 60
-2.21, 67.5
-2.2, 75
-2.19, 82.5
-2.18, 90
-2.17, 97.5
-2.16, 105
-2.15, 112.5
-2.14, 120
-2.13, 127.5
-2.12, 135
-2.11, 142.5
-2.1, 150
-2.09, 157.5
-2.08, 165
-2.07, 172.5
-2.06, 180
-2.05, 187.5
-2.04, 195
-2.03, 202.5
-2.02, 210
-2.01, 217.5
-2, 225
-1.99, 232.5
-1.98, 240
-1.97, 247.5
-1.96, 255
-1.95, 262.5
-1.94, 270
-1.93, 277.5
-1.92, 285
-1.91, 292.5
-1.9, 300
-1.89, 307.5
-1.88, 315
-1.87, 322.5
-1.86, 330
-1.85, 337.5
-1.84, 345
-1.83, 352.5
-1.82, 360
-1.81, 367.5
-1.8, 375
-1.79, 382.5
-1.78, 390
-1.77, 397.5
-1.76, 405
-1.75, 412.5
-1.74, 420
-1.73, 427.5
-1.72, 435
-1.71, 442.5
-1.7, 450
-1.69, 457.5
-1.68, 465
-1.67, 472.5
-1.66, 480
-1.65, 487.5
-1.64, 495
-1.63, 502.5
-1.62, 510
-1.61, 517.5
-1.6, 525
-1.59, 532.5
-1.58, 540
-1.57, 547.5
-1.56, 555
-1.55, 562.5
-1.54, 570
-1.53, 577.5
-1.52, 585
-1.51, 592.5
-1.5, 600
-1.49, 607.5
-1.48, 615
-1.47, 622.5
-1.46, 630
-1.45, 637.5
-1.44, 645
-1.43, 652.5
-1.42, 660
-1.41, 667.5
-1.4, 675
-1.39, 682.5
-1.38, 690
-1.37, 697.5
-1.36, 705
-1.35, 712.5
-1.34, 720
-1.33, 727.5
-1.32, 735
-1.31, 742.5
-1.3, 750
-1.29, 757.5
-1.28, 765
-1.27, 772.5
-1.26, 780
-1.25, 787.5
-1.24, 795
-1.23, 802.5
-1.22, 810
-1.21, 817.5
-1.2, 825
-1.19, 832.5
-1.18, 840
-1.17, 847.5
-1.16, 855
-1.15, 862.5
-1.14, 870
-1.13, 877.5
-1.12, 885
-1.11, 892.5
-1.1, 900
-1.09, 907.5
-1.08, 915
-1.07, 922.5
-1.06, 930
-1.05, 937.5
-1.04, 945
-1.03, 952.5
-1.02, 960
-1.01, 967.5
-1, 975
-0.99, 982.5
-0.98, 990
-0.97, 997.5
-0.96, 1005
-0.95, 1012.5
-0.94, 1020
-0.93, 1027.5
-0.92, 1035
-0.91, 1042.5
-0.9, 1050
-0.89, 1057.5
-0.88, 1065
-0.87, 1072.5
-0.86, 1080
-0.85, 1087.5
-0.84, 1095
-0.83, 1102.5
-0.82, 1110
-0.81, 1117.5
-0.8, 1125
-0.79, 1132.5
-0.78, 1140
-0.77, 1147.5
-0.76, 1155
-0.75, 1162.5
-0.74, 1170
-0.73, 1177.5
-0.72, 1185
-0.71, 1192.5
-0.7, 1200
-0.69, 1207.5
-0.68, 1215
-0.67, 1222.5
-0.66, 1230
-0.65, 1237.5
-0.64, 1245
-0.63, 1252.5
-0.62, 1260
-0.61, 1267.5
-0.6, 1275
-0.59, 1282.5
-0.58, 1290
-0.57, 1297.5
-0.56, 1305
-0.55, 1312.5
-0.54, 1320
-0.53, 1327.5
-0.52, 1335
-0.51, 1342.5
-0.5, 1350
-0.49, 1357.5
-0.48, 1365
-0.47, 1372.5
-0.46, 1380
-0.45, 1387.5
-0.44, 1395
-0.43, 1402.5
-0.42, 1410
-0.41, 1417.5
-0.4, 1425
-0.39, 1432.5
-0.38, 1440
-0.37, 1447.5
-0.36, 1455
-0.35, 1462.5
-0.34, 1470
-0.33, 1477.5
-0.32, 1485
-0.31, 1492.5
-0.3, 1500
-0.29, 1507.5
-0.28, 1515
-0.27, 1522.5
-0.26, 1530
-0.25, 1537.5
-0.24, 1545
-0.23, 1552.5
-0.22, 1560
-0.21, 1567.5
-0.2, 1575
-0.19, 1582.5
-0.18, 1590
-0.17, 1597.5
-0.16, 1605
-0.15, 1612.5
-0.14, 1620
-0.13, 1627.5
-0.12, 1635
-0.11, 1642.5
-0.1, 1650
-0.09, 1657.5
-0.08, 1665
-0.07, 1672.5
-0.06, 1680
-0.05, 1687.5
-0.04, 1695
-0.03, 1702.5
-0.02, 1710
-0.01, 1717.5
0, 1725
0.01, 1732.5
0.02, 1740
0.03, 1747.5
0.04, 1755
0.05, 1762.5
0.06, 1770
0.07, 1777.5
0.08, 1785
0.09, 1792.5
0.1, 1800
0.11, 1807.5
0.12, 1815
0.13, 1822.5
0.14, 1830
0.15, 1837.5
0.16, 1845
0.17, 1852.5
0.18, 1860
0.19, 1867.5
0.2, 1875
0.21, 1882.5
0.22, 1890
0.23, 1897.5
0.24, 1905
0.25, 1912.5
0.26, 1920
0.27, 1927.5
0.28, 1935
0.29, 1942.5
0.3, 1950
0.31, 1957.5
0.32, 1965
0.33, 1972.5
0.34, 1980
0.35, 1987.5
0.36, 1995
0.37, 2002.5
0.38, 2010
0.39, 2017.5
0.4, 2025
0.41, 2032.5
0.42, 2040
0.43, 2047.5
0.44, 2055
0.45, 2062.5
0.46, 2070
0.47, 2077.5
0.48, 2085
0.49, 2092.5
0.5, 2100
0.51, 2107.5
0.52, 2115
0.53, 2122.5
0.54, 2130
0.55, 2137.5
0.56, 2145
0.57, 2152.5
0.58, 2160
0.59, 2167.5
0.6, 2175
0.61, 2182.5
0.62, 2190
0.63, 2197.5
0.64, 2205
0.65, 2212.5
0.66, 2220
0.67, 2227.5
0.68, 2235
0.69, 2242.5
0.7, 2250
0.71, 2257.5
0.72, 2265
0.73, 2272.5
0.74, 2280
0.75, 2287.5
0.76, 2295
0.77, 2302.5
0.78, 2310
0.79, 2317.5
0.8, 2325
0.81, 2332.5
0.82, 2340
0.83, 2347.5
0.84, 2355
0.85, 2362.5
0.86, 2370
0.87, 2377.5
0.88, 2385
0.89, 2392.5
0.9, 2400
0.91, 2407.5
0.92, 2415
0.93, 2422.5
0.94, 2430
0.95, 2437.5
0.96, 2445
0.97, 2452.5
0.98, 2460
0.99, 2467.5
1, 2475
1.01, 2482.5
1.02, 2490
1.03, 2497.5
1.04, 2505
1.05, 2512.5
1.06, 2520
1.07, 2527.5
1.08, 2535
1.09, 2542.5
1.1, 2550
1.11, 2557.5
1.12, 2565
1.13, 2572.5
1.14, 2580
1.15, 2587.5
1.16, 2595
1.17, 2602.5
1.18, 2610
1.19, 2617.5
1.2, 2625
1.21, 2632.5
1.22, 2640
1.23, 2647.5
1.24, 2655
1.25, 2662.5
1.26, 2670
1.27, 2677.5
1.28, 2685
1.29, 2692.5
1.3, 2700
1.31, 2707.5
1.32, 2715
1.33, 2722.5
1.34, 2730
1.35, 2737.5
1.36, 2745
1.37, 2752.5
1.38, 2760
1.39, 2767.5
1.4, 2775
1.41, 2782.5
1.42, 2790
1.43, 2797.5
1.44, 2805
1.45, 2812.5
1.46, 2820
1.47, 2827.5
1.48, 2835
1.49, 2842.5
1.5, 2850
1.51, 2857.5
1.52, 2865
1.53, 2872.5
1.54, 2880
1.55, 2887.5
1.56, 2895
1.57, 2902.5
1.58, 2910
1.59, 2917.5
1.6, 2925
1.61, 2932.5
1.62, 2940
1.63, 2947.5
1.64, 2955
1.65, 2962.5
1.66, 2970
1.67, 2977.5
1.68, 2985
1.69, 2992.5
1.7, 3000
1.71, 3007.5
1.72, 3015
1.73, 3022.5
1.74, 3030
1.75, 3037.5
1.76, 3045
1.77, 3052.5
1.78, 3060
1.79, 3067.5
1.8, 3075
1.81, 3082.5
1.82, 3090
1.83, 3097.5
1.84, 3105
1.85, 3112.5
1.86, 3120
1.87, 3127.5
1.88, 3135
1.89, 3142.5
1.9, 3150
1.91, 3157.5
1.92, 3165
1.93, 3172.5
1.94, 3180
1.95, 3187.5
1.96, 3195
1.97, 3202.5
1.98, 3210
1.99, 3217.5
2, 3225
2.01, 3232.5
2.02, 3240
2.03, 3247.5
2.04, 3255
2.05, 3262.5
2.06, 3270
2.07, 3277.5
2.08, 3285
2.09, 3292.5
2.1, 3300
2.11, 3307.5
2.12, 3315
2.13, 3322.5
2.14, 3330
2.15, 3337.5
2.16, 3345
2.17, 3352.5
2.18, 3360
2.19, 3367.5
2.2, 3375
2.21, 3382.5
2.22, 3390
2.23, 3397.5
2.24, 3405
2.25, 3412.5
2.26, 3420
2.27, 3427.5
2.28, 3435
2.29, 3442.5
2.3, 3450
2.31, 3457.5
2.32, 3465
2.33, 3472.5
2.34, 3480
2.35, 3487.5
2.36, 3495
2.37, 3502.5
2.38, 3510
2.39, 3517.5
2.4, 3525
2.41, 3532.5
2.42, 3540
2.43, 3547.5
2.44, 3555
2.45, 3562.5
2.46, 3570
2.47, 3577.5
2.48, 3585
2.49, 3592.5
2.5, 3600
