Default Signal:
N: 501
fs: 100
t0: 0
Signal label: x
Matehmatical Expression: 
x(t): (1.00 exp( -t  )) + (-1.00 exp( -t  / 0.50 ))
Time and signal samples in .csv format
t, x(t)
-------
0, 0
0.01, 0.00985116
0.02, 0.0194092
0.03, 0.028681
0.04, 0.0376731
0.05, 0.046392
0.06, 0.0548441
0.07, 0.0630356
0.08, 0.0709726
0.09, 0.078661
0.1, 0.0861067
0.11, 0.0933153
0.12, 0.100293
0.13, 0.107044
0.14, 0.113574
0.15, 0.11989
0.16, 0.125995
0.17, 0.131894
0.18, 0.137594
0.19, 0.143098
0.2, 0.148411
0.21, 0.153537
0.22, 0.158482
0.23, 0.16325
0.24, 0.167844
0.25, 0.17227
0.26, 0.176531
0.27, 0.180631
0.28, 0.184575
0.29, 0.188365
0.3, 0.192007
0.31, 0.195503
0.32, 0.198857
0.33, 0.202072
0.34, 0.205153
0.35, 0.208103
0.36, 0.210924
0.37, 0.21362
0.38, 0.216195
0.39, 0.218651
0.4, 0.220991
0.41, 0.223219
0.42, 0.225336
0.43, 0.227347
0.44, 0.229254
0.45, 0.231058
0.46, 0.232765
0.47, 0.234374
0.48, 0.235891
0.49, 0.237315
0.5, 0.238651
0.51, 0.239901
0.52, 0.241066
0.53, 0.242149
0.54, 0.243153
0.55, 0.244079
0.56, 0.244929
0.57, 0.245706
0.58, 0.246412
0.59, 0.247049
0.6, 0.247617
0.61, 0.248121
0.62, 0.24856
0.63, 0.248938
0.64, 0.249255
0.65, 0.249514
0.66, 0.249716
0.67, 0.249863
0.68, 0.249956
0.69, 0.249998
0.7, 0.249988
0.71, 0.24993
0.72, 0.249824
0.73, 0.249673
0.74, 0.249476
0.75, 0.249236
0.76, 0.248955
0.77, 0.248632
0.78, 0.24827
0.79, 0.24787
0.8, 0.247432
0.81, 0.246959
0.82, 0.246452
0.83, 0.24591
0.84, 0.245337
0.85, 0.244731
0.86, 0.244096
0.87, 0.243431
0.88, 0.242738
0.89, 0.242018
0.9, 0.241271
0.91, 0.240498
0.92, 0.239702
0.93, 0.238881
0.94, 0.238038
0.95, 0.237172
0.96, 0.236286
0.97, 0.235379
0.98, 0.234453
0.99, 0.233507
1, 0.232544
1.01, 0.231564
1.02, 0.230566
1.03, 0.229553
1.04, 0.228524
1.05, 0.227481
1.06, 0.226424
1.07, 0.225354
1.08, 0.22427
1.09, 0.223175
1.1, 0.222068
1.11, 0.22095
1.12, 0.219821
1.13, 0.218683
1.14, 0.217535
1.15, 0.216378
1.16, 0.215213
1.17, 0.214039
1.18, 0.212859
1.19, 0.211671
1.2, 0.210476
1.21, 0.209276
1.22, 0.208069
1.23, 0.206858
1.24, 0.205641
1.25, 0.20442
1.26, 0.203194
1.27, 0.201965
1.28, 0.200733
1.29, 0.199497
1.3, 0.198258
1.31, 0.197017
1.32, 0.195774
1.33, 0.194529
1.34, 0.193283
1.35, 0.192035
1.36, 0.190786
1.37, 0.189537
1.38, 0.188287
1.39, 0.187037
1.4, 0.185787
1.41, 0.184537
1.42, 0.183288
1.43, 0.18204
1.44, 0.180793
1.45, 0.179547
1.46, 0.178303
1.47, 0.17706
1.48, 0.175819
1.49, 0.17458
1.5, 0.173343
1.51, 0.172109
1.52, 0.170877
1.53, 0.169648
1.54, 0.168422
1.55, 0.167199
1.56, 0.165979
1.57, 0.164762
1.58, 0.163549
1.59, 0.16234
1.6, 0.161134
1.61, 0.159933
1.62, 0.158735
1.63, 0.157541
1.64, 0.156352
1.65, 0.155167
1.66, 0.153986
1.67, 0.15281
1.68, 0.151639
1.69, 0.150472
1.7, 0.14931
1.71, 0.148153
1.72, 0.147001
1.73, 0.145855
1.74, 0.144713
1.75, 0.143577
1.76, 0.142445
1.77, 0.14132
1.78, 0.140199
1.79, 0.139084
1.8, 0.137975
1.81, 0.136871
1.82, 0.135773
1.83, 0.134681
1.84, 0.133594
1.85, 0.132514
1.86, 0.131439
1.87, 0.13037
1.88, 0.129306
1.89, 0.128249
1.9, 0.127198
1.91, 0.126153
1.92, 0.125113
1.93, 0.12408
1.94, 0.123053
1.95, 0.122032
1.96, 0.121017
1.97, 0.120009
1.98, 0.119006
1.99, 0.11801
2, 0.11702
2.01, 0.116036
2.02, 0.115058
2.03, 0.114087
2.04, 0.113121
2.05, 0.112162
2.06, 0.111209
2.07, 0.110263
2.08, 0.109323
2.09, 0.108389
2.1, 0.107461
2.11, 0.106539
2.12, 0.105624
2.13, 0.104715
2.14, 0.103812
2.15, 0.102916
2.16, 0.102025
2.17, 0.101141
2.18, 0.100263
2.19, 0.0993914
2.2, 0.0985258
2.21, 0.0976664
2.22, 0.0968132
2.23, 0.0959661
2.24, 0.0951251
2.25, 0.0942902
2.26, 0.0934615
2.27, 0.0926388
2.28, 0.0918221
2.29, 0.0910116
2.3, 0.090207
2.31, 0.0894085
2.32, 0.0886159
2.33, 0.0878293
2.34, 0.0870486
2.35, 0.0862739
2.36, 0.085505
2.37, 0.0847421
2.38, 0.083985
2.39, 0.0832337
2.4, 0.0824882
2.41, 0.0817485
2.42, 0.0810146
2.43, 0.0802863
2.44, 0.0795638
2.45, 0.078847
2.46, 0.0781358
2.47, 0.0774303
2.48, 0.0767303
2.49, 0.0760359
2.5, 0.0753471
2.51, 0.0746637
2.52, 0.0739859
2.53, 0.0733135
2.54, 0.0726465
2.55, 0.0719849
2.56, 0.0713287
2.57, 0.0706779
2.58, 0.0700323
2.59, 0.069392
2.6, 0.068757
2.61, 0.0681272
2.62, 0.0675026
2.63, 0.0668832
2.64, 0.0662688
2.65, 0.0656596
2.66, 0.0650555
2.67, 0.0644564
2.68, 0.0638622
2.69, 0.0632731
2.7, 0.0626889
2.71, 0.0621097
2.72, 0.0615353
2.73, 0.0609657
2.74, 0.060401
2.75, 0.0598411
2.76, 0.0592859
2.77, 0.0587355
2.78, 0.0581897
2.79, 0.0576486
2.8, 0.0571122
2.81, 0.0565804
2.82, 0.0560531
2.83, 0.0555303
2.84, 0.0550121
2.85, 0.0544984
2.86, 0.053989
2.87, 0.0534842
2.88, 0.0529837
2.89, 0.0524875
2.9, 0.0519957
2.91, 0.0515081
2.92, 0.0510248
2.93, 0.0505458
2.94, 0.0500709
2.95, 0.0496003
2.96, 0.0491337
2.97, 0.0486713
2.98, 0.0482129
2.99, 0.0477586
3, 0.0473083
3.01, 0.046862
3.02, 0.0464197
3.03, 0.0459812
3.04, 0.0455467
3.05, 0.0451161
3.06, 0.0446892
3.07, 0.0442662
3.08, 0.043847
3.09, 0.0434315
3.1, 0.0430198
3.11, 0.0426117
3.12, 0.0422073
3.13, 0.0418066
3.14, 0.0414094
3.15, 0.0410158
3.16, 0.0406258
3.17, 0.0402393
3.18, 0.0398563
3.19, 0.0394767
3.2, 0.0391006
3.21, 0.038728
3.22, 0.0383587
3.23, 0.0379927
3.24, 0.0376301
3.25, 0.0372708
3.26, 0.0369147
3.27, 0.0365619
3.28, 0.0362124
3.29, 0.035866
3.3, 0.0355228
3.31, 0.0351827
3.32, 0.0348458
3.33, 0.034512
3.34, 0.0341812
3.35, 0.0338534
3.36, 0.0335287
3.37, 0.033207
3.38, 0.0328882
3.39, 0.0325724
3.4, 0.0322595
3.41, 0.0319495
3.42, 0.0316423
3.43, 0.031338
3.44, 0.0310365
3.45, 0.0307379
3.46, 0.0304419
3.47, 0.0301488
3.48, 0.0298583
3.49, 0.0295706
3.5, 0.0292855
3.51, 0.0290031
3.52, 0.0287233
3.53, 0.0284461
3.54, 0.0281716
3.55, 0.0278995
3.56, 0.0276301
3.57, 0.0273631
3.58, 0.0270986
3.59, 0.0268367
3.6, 0.0265771
3.61, 0.02632
3.62, 0.0260654
3.63, 0.0258131
3.64, 0.0255632
3.65, 0.0253156
3.66, 0.0250704
3.67, 0.0248274
3.68, 0.0245868
3.69, 0.0243484
3.7, 0.0241123
3.71, 0.0238784
3.72, 0.0236467
3.73, 0.0234172
3.74, 0.0231898
3.75, 0.0229647
3.76, 0.0227416
3.77, 0.0225207
3.78, 0.0223018
3.79, 0.022085
3.8, 0.0218703
3.81, 0.0216576
3.82, 0.021447
3.83, 0.0212383
3.84, 0.0210316
3.85, 0.0208269
3.86, 0.0206241
3.87, 0.0204233
3.88, 0.0202244
3.89, 0.0200273
3.9, 0.0198322
3.91, 0.0196389
3.92, 0.0194474
3.93, 0.0192578
3.94, 0.01907
3.95, 0.018884
3.96, 0.0186997
3.97, 0.0185172
3.98, 0.0183365
3.99, 0.0181575
4, 0.0179802
4.01, 0.0178046
4.02, 0.0176307
4.03, 0.0174584
4.04, 0.0172878
4.05, 0.0171188
4.06, 0.0169515
4.07, 0.0167858
4.08, 0.0166216
4.09, 0.016459
4.1, 0.016298
4.11, 0.0161386
4.12, 0.0159806
4.13, 0.0158242
4.14, 0.0156693
4.15, 0.0155159
4.16, 0.015364
4.17, 0.0152135
4.18, 0.0150645
4.19, 0.0149169
4.2, 0.0147707
4.21, 0.014626
4.22, 0.0144826
4.23, 0.0143406
4.24, 0.0142
4.25, 0.0140608
4.26, 0.0139229
4.27, 0.0137863
4.28, 0.013651
4.29, 0.0135171
4.3, 0.0133845
4.31, 0.0132531
4.32, 0.013123
4.33, 0.0129942
4.34, 0.0128666
4.35, 0.0127402
4.36, 0.0126151
4.37, 0.0124912
4.38, 0.0123685
4.39, 0.012247
4.4, 0.0121266
4.41, 0.0120074
4.42, 0.0118894
4.43, 0.0117725
4.44, 0.0116568
4.45, 0.0115422
4.46, 0.0114287
4.47, 0.0113163
4.48, 0.011205
4.49, 0.0110947
4.5, 0.0109856
4.51, 0.0108775
4.52, 0.0107705
4.53, 0.0106645
4.54, 0.0105595
4.55, 0.0104555
4.56, 0.0103526
4.57, 0.0102507
4.58, 0.0101497
4.59, 0.0100498
4.6, 0.0099508
4.61, 0.00985278
4.62, 0.00975572
4.63, 0.0096596
4.64, 0.00956443
4.65, 0.00947018
4.66, 0.00937685
4.67, 0.00928443
4.68, 0.00919291
4.69, 0.00910229
4.7, 0.00901255
4.71, 0.00892369
4.72, 0.0088357
4.73, 0.00874856
4.74, 0.00866228
4.75, 0.00857684
4.76, 0.00849224
4.77, 0.00840846
4.78, 0.00832551
4.79, 0.00824336
4.8, 0.00816202
4.81, 0.00808147
4.82, 0.00800171
4.83, 0.00792274
4.84, 0.00784453
4.85, 0.00776709
4.86, 0.00769041
4.87, 0.00761448
4.88, 0.0075393
4.89, 0.00746485
4.9, 0.00739113
4.91, 0.00731813
4.92, 0.00724585
4.93, 0.00717428
4.94, 0.00710341
4.95, 0.00703323
4.96, 0.00696375
4.97, 0.00689494
4.98, 0.00682681
4.99, 0.00675935
5, 0.00669255
